Time #Deleted-#Scat #Deleted #Scattered
0 85626 0 0
1 85922 85922 0
2 86178 86178 0
3 86365 86504 139
4 86515 86776 261
5 86761 87213 452
6 86945 87568 623
7 86955 87761 806
8 87185 88177 992
9 87319 88508 1189
10 87248 88575 1327
11 87343 88809 1466
12 87347 88930 1583
13 87520 89173 1653
14 87432 89217 1785
15 87468 89277 1809
16 87586 89482 1896
17 87624 89498 1874
18 87628 89531 1903
19 87792 89760 1968
20 87787 89770 1983
21 87807 89794 1987
22 87882 89903 2021
23 87996 90023 2027
24 87943 90027 2084
25 87964 89908 1944
26 88024 90056 2032
27 88080 90110 2030
28 88168 90103 1935
29 88234 90200 1966
30 88164 90160 1996
31 88241 90202 1961
32 88350 90389 2039
33 88305 90294 1989
34 88377 90361 1984
35 88432 90414 1982
36 88437 90411 1974
37 88473 90399 1926
38 88546 90523 1977
39 88543 90439 1896
40 88442 90306 1864
41 88585 90406 1821
42 88628 90385 1757
43 88692 90506 1814
44 88695 90494 1799
45 88794 90461 1667
46 88690 90386 1696
47 88771 90470 1699
48 88727 90445 1718
49 88776 90431 1655
50 88775 90422 1647
51 88787 90380 1593
52 88833 90360 1527
53 88876 90460 1584
54 88883 90407 1524
55 88970 90431 1461
56 88931 90364 1433
57 88965 90452 1487
58 88956 90408 1452
59 88952 90328 1376
60 88963 90362 1399
61 89014 90427 1413
62 89023 90325 1302
63 89068 90435 1367
64 89060 90296 1236
65 89127 90349 1222
66 89113 90358 1245
67 89113 90326 1213
68 89178 90410 1232
69 89137 90307 1170
70 89172 90341 1169
71 89127 90274 1147
72 89188 90293 1105
73 89176 90292 1116
74 89204 90273 1069
75 89207 90305 1098
76 89211 90271 1060
77 89191 90249 1058
78 89222 90241 1019
79 89222 90182 960
80 89244 90254 1010
81 89306 90296 990
82 89332 90326 994
83 89266 90271 1005
84 89341 90277 936
85 89237 90149 912
86 89334 90338 1004
87 89321 90209 888
88 89334 90205 871
89 89335 90187 852
90 89358 90264 906
91 89335 90188 853
92 89360 90219 859
93 89368 90185 817
94 89365 90210 845
95 89453 90231 778
96 89432 90257 825
97 89434 90235 801
98 89432 90228 796
99 89349 90111 762
100 89372 90140 768
101 89414 90195 781
102 89431 90195 764
103 89445 90209 764
104 89481 90156 675
105 89451 90174 723
106 89475 90155 680
107 89458 90114 656
108 89505 90201 696
109 89485 90132 647
110 89512 90195 683
111 89519 90140 621
112 89506 90143 637
113 89487 90100 613
114 89492 90108 616
115 89505 90120 615
116 89565 90185 620
117 89551 90129 578
118 89573 90151 578
119 89543 90129 586
120 89550 90095 545
121 89561 90148 587
122 89543 90111 568
123 89559 90112 553
124 89575 90130 555
125 89601 90132 531
126 89561 90095 534
127 89553 90034 481
128 89639 90195 556
129 89581 90163 582
130 89627 90161 534
131 89623 90171 548
132 89609 90116 507
133 89590 90093 503
134 89625 90109 484
135 89607 90117 510
136 89576 90045 469
137 89650 90115 465
138 89615 90081 466
139 89608 90075 467
140 89633 90060 427
141 89623 90107 484
142 89677 90133 456
143 89625 90065 440
144 89656 90094 438
145 89642 90072 430
146 89661 90092 431
147 89672 90107 435
148 89686 90144 458
149 89681 90087 406
150 89676 90105 429
151 89666 90039 373
152 89677 90097 420
153 89710 90109 399
154 89677 90065 388
155 89680 90084 404
156 89715 90090 375
157 89689 90067 378
158 89698 90055 357
159 89711 90110 399
160 89703 90058 355
161 89699 90096 397
162 89706 90049 343
163 89740 90129 389
164 89724 90052 328
165 89727 90090 363
166 89756 90105 349
167 89689 90048 359
168 89719 90080 361
169 89714 90058 344
170 89744 90070 326
171 89711 90043 332
172 89710 90018 308
173 89723 90056 333
174 89722 90035 313
175 89733 90036 303
176 89744 90097 353
177 89719 90048 329
178 89752 90081 329
179 89755 90064 309
180 89756 90074 318
181 89749 90073 324
182 89765 90067 302
183 89753 90041 288
184 89761 90055 294
185 89763 90052 289
186 89747 90005 258
187 89757 90026 269
188 89791 90070 279
189 89755 90076 321
190 89764 90027 263
191 89783 90054 271
192 89761 90063 302
193 89750 90036 286
194 89794 90030 236
195 89769 90044 275
196 89807 90059 252
197 89779 90057 278
198 89785 90040 255
199 89776 90061 285
200 89791 90063 272
201 89770 90034 264
202 89777 90027 250
203 89782 90021 239
204 89794 90047 253
205 89785 89998 213
206 89816 90065 249
207 89806 90060 254
208 89804 90063 259
209 89792 90029 237
210 89805 90056 251
211 89808 90040 232
212 89811 90052 241
213 89815 90025 210
214 89797 90031 234
215 89799 90007 208
216 89803 90052 249
217 89824 90041 217
218 89817 90049 232
219 89810 90000 190
220 89823 90071 248
221 89813 90041 228
222 89814 90029 215
223 89820 90030 210
224 89863 90069 206
225 89824 90018 194
226 89847 90035 188
227 89842 90050 208
228 89835 90036 201
229 89838 90042 204
230 89824 90021 197
231 89819 90022 203
232 89830 90040 210
233 89843 90030 187
234 89832 90033 201
235 89833 90041 208
236 89838 90038 200
237 89846 90045 199
238 89837 90015 178
239 89860 90031 171
240 89848 90024 176
241 89846 90023 177
242 89826 90014 188
243 89851 90042 191
244 89856 90030 174
245 89861 90055 194
246 89836 90009 173
247 89866 90033 167
248 89844 90023 179
249 89843 90009 166
250 89848 90015 167
251 89842 90008 166
252 89863 90024 161
253 89848 90017 169
254 89875 90046 171
255 89862 90019 157
256 89874 90014 140
257 89863 90028 165
258 89855 90045 190
259 89869 90040 171
260 89869 90023 154
261 89860 90007 147
262 89881 90028 147
263 89885 90068 183
264 89851 90004 153
265 89873 90048 175
266 89876 90048 172
267 89872 90030 158
268 89869 90006 137
269 89879 90016 137
270 89870 90010 140
271 89869 90006 137
272 89883 90031 148
273 89863 89997 134
274 89858 89996 138
275 89883 90017 134
276 89891 90045 154
277 89897 90039 142
278 89867 90010 143
279 89866 89999 133
280 89885 90030 145
281 89906 90030 124
282 89901 90042 141
283 89874 90016 142
284 89898 90033 135
285 89870 90004 134
286 89904 90036 132
287 89891 90018 127
288 89895 90031 136
289 89882 89992 110
290 89896 90042 146
291 89891 90001 110
292 89878 90002 124
293 89892 90002 110
294 89905 90034 129
295 89878 90012 134
296 89912 90010 98
297 89881 89995 114
298 89895 90034 139
299 89898 90019 121
300 89902 90008 106
301 89910 90019 109
302 89898 90023 125
303 89905 90019 114
304 89903 90010 107
305 89903 90028 125
306 89910 90009 99
307 89912 90028 116
308 89901 90013 112
309 89904 90034 130
310 89922 90028 106
311 89906 90044 138
312 89920 90026 106
313 89894 89974 80
314 89899 89990 91
315 89907 90011 104
316 89911 90014 103
317 89902 90000 98
318 89897 89988 91
319 89915 90034 119
320 89918 90034 116
321 89914 90014 100
322 89908 90012 104
323 89894 90007 113
324 89909 90014 105
325 89907 90003 96
326 89924 90019 95
327 89918 90014 96
328 89915 90010 95
329 89915 90020 105
330 89925 90027 102
331 89920 90003 83
332 89925 90011 86
333 89907 90001 94
334 89923 90022 99
335 89909 90005 96
336 89916 90018 102
337 89903 89994 91
338 89921 90013 92
339 89925 90009 84
340 89924 90011 87
341 89917 90000 83
342 89920 90020 100
343 89918 90018 100
344 89905 89990 85
345 89937 90019 82
346 89928 90015 87
347 89915 90015 100
348 89924 90010 86
349 89916 90017 101
350 89929 90003 74
351 89934 90032 98
352 89916 90003 87
353 89919 90006 87
354 89918 90007 89
355 89930 90021 91
356 89927 90022 95
357 89926 90005 79
358 89932 90014 82
359 89919 89991 72
360 89936 90028 92
361 89937 90015 78
362 89923 89995 72
363 89927 90001 74
364 89927 90006 79
365 89926 90018 92
366 89944 90018 74
367 89929 90011 82
368 89938 90009 71
369 89945 90028 83
370 89933 90015 82
371 89925 90004 79
372 89935 90010 75
373 89944 90005 61
374 89939 90015 76
375 89923 90010 87
376 89924 89993 69
377 89940 90028 88
378 89927 90005 78
379 89943 90010 67
380 89943 90021 78
381 89937 90010 73
382 89930 89996 66
383 89938 89994 56
384 89949 90032 83
385 89929 90015 86
386 89926 89977 51
387 89933 89993 60
388 89933 89991 58
389 89951 90020 69
390 89945 90014 69
391 89938 90013 75
392 89933 90016 83
393 89942 89998 56
394 89944 90002 58
395 89941 90004 63
396 89951 90019 68
397 89949 90017 68
398 89949 90033 84
399 89921 89997 76
400 89943 90009 66
401 89944 90011 67
402 89928 89984 56
403 89945 90001 56
404 89937 90003 66
405 89941 90004 63
406 89940 90005 65
407 89946 90003 57
408 89940 90011 71
409 89957 90012 55
410 89946 90008 62
411 89955 90007 52
412 89938 90002 64
413 89956 90024 68
414 89937 90012 75
415 89934 89993 59
416 89951 90014 63
417 89951 90008 57
418 89962 90007 45
419 89948 89997 49
420 89963 90030 67
421 89941 90001 60
422 89946 89997 51
423 89949 90005 56
424 89949 90017 68
425 89950 90014 64
426 89950 90004 54
427 89939 89991 52
428 89953 90016 63
429 89965 90024 59
430 89954 90006 52
431 89945 90005 60
432 89954 90013 59
433 89957 90006 49
434 89961 90027 66
435 89939 89990 51
436 89949 89989 40
437 89955 90009 54
438 89958 90004 46
439 89956 90003 47
440 89951 89993 42
441 89963 90005 42
442 89953 90001 48
443 89960 90010 50
444 89962 90013 51
445 89953 90005 52
446 89962 90011 49
447 89958 90009 51
448 89958 90002 44
449 89950 90004 54
450 89970 90016 46
451 89955 90000 45
452 89943 89991 48
453 89953 89994 41
454 89956 89997 41
455 89962 90011 49
456 89956 90012 56
457 89959 90009 50
458 89960 90007 47
459 89967 90012 45
460 89965 90012 47
461 89960 90015 55
462 89955 90003 48
463 89964 90012 48
464 89961 90004 43
465 89957 90009 52
466 89965 90006 41
467 89956 89999 43
468 89962 90004 42
469 89955 90003 48
470 89956 89995 39
471 89953 90000 47
472 89953 90000 47
473 89960 90005 45
474 89953 89991 38
475 89973 90003 30
476 89948 89992 44
477 89967 90009 42
478 89973 90008 35
479 89968 90017 49
480 89963 90004 41
481 89964 90009 45
482 89977 90025 48
483 89962 90010 48
484 89963 90001 38
485 89956 89996 40
486 89963 90008 45
487 89954 89991 37
488 89960 89997 37
489 89967 89997 30
490 89965 90004 39
491 89972 90011 39
492 89964 90005 41
493 89962 90000 38
494 89973 90016 43
495 89965 90005 40
496 89961 90006 45
497 89972 90007 35
498 89964 90002 38
499 89962 89998 36
500 89972 90006 34
501 89968 90010 42
502 89970 90016 46
503 89955 89975 20
504 89966 90012 46
505 89962 89988 26
506 89966 90005 39
507 89970 90016 46
508 89964 90003 39
509 89975 90012 37
510 89978 90011 33
511 89970 90008 38
512 89973 90007 34
513 89974 90005 31
514 89974 90009 35
515 89969 89993 24
516 89969 90004 35
517 89970 90005 35
518 89973 90009 36
519 89972 90007 35
520 89973 90008 35
521 89963 89990 27
522 89968 89997 29
523 89971 90003 32
524 89968 90008 40
525 89961 89995 34
526 89974 90004 30
527 89972 90007 35
528 89973 90009 36
529 89965 90001 36
530 89970 90000 30
531 89970 90000 30
532 89979 90013 34
533 89973 90003 30
534 89964 89994 30
535 89982 90016 34
536 89979 90011 32
537 89969 89997 28
538 89973 90002 29
539 89978 90006 28
540 89980 90011 31
541 89977 90012 35
542 89964 89996 32
543 89978 90002 24
544 89979 90005 26
545 89968 89991 23
546 89974 90003 29
547 89967 89990 23
548 89974 89995 21
549 89985 90022 37
550 89979 90009 30
551 89974 90009 35
552 89967 90006 39
553 89980 90003 23
554 89971 90009 38
555 89967 89996 29
556 89978 90006 28
557 89961 89996 35
558 89963 89984 21
559 89975 89997 22
560 89974 90004 30
561 89978 90006 28
562 89983 90011 28
563 89982 90008 26
564 89976 89991 15
565 89978 90000 22
566 89973 89997 24
567 89975 90007 32
568 89979 90005 26
569 89971 90001 30
570 89979 90007 28
571 89977 89999 22
572 89979 90001 22
573 89971 89991 20
574 89976 89996 20
575 89978 90008 30
576 89976 89998 22
577 89979 90009 30
578 89984 90013 29
579 89976 89994 18
580 89982 90005 23
581 89979 90017 38
582 89978 90006 28
583 89975 89998 23
584 89977 90011 34
585 89971 89990 19
586 89975 89991 16
587 89971 89992 21
588 89978 89999 21
589 89983 90004 21
590 89980 90005 25
591 89971 89997 26
592 89978 89994 16
593 89983 90010 27
594 89976 89992 16
595 89984 90014 30
596 89981 90009 28
597 89984 90012 28
598 89976 90003 27
599 89973 90000 27
600 89977 90005 28
601 89983 90009 26
602 89975 89997 22
603 89975 89996 21
604 89981 89995 14
605 89979 89997 18
606 89984 89999 15
607 89975 90001 26
608 89980 90000 20
609 89978 90000 22
610 89977 90006 29
611 89991 90014 23
612 89978 90000 22
613 89981 90001 20
614 89986 90013 27
615 89979 90000 21
616 89982 90007 25
617 89981 90002 21
618 89982 90001 19
619 89984 90002 18
620 89984 90006 22
621 89981 89998 17
622 89977 89994 17
623 89984 90000 16
624 89988 90014 26
625 89983 90004 21
626 89982 90000 18
627 89985 90000 15
628 89985 90002 17
629 89967 89985 18
630 89980 90005 25
631 89984 89999 15
632 89977 89993 16
633 89981 90006 25
634 89984 90004 20
635 89985 90007 22
636 89985 90003 18
637 89982 90001 19
638 89981 89997 16
639 89988 90010 22
640 89986 90006 20
641 89983 90004 21
642 89976 89998 22
643 89988 90004 16
644 89985 90001 16
645 89982 89995 13
646 89991 90003 12
647 89990 90006 16
648 89983 90007 24
649 89979 89999 20
650 89986 90009 23
651 89985 89998 13
652 89984 90001 17
653 89985 89997 12
654 89987 90002 15
655 89980 89996 16
656 89980 89998 18
657 89981 89997 16
658 89981 90007 26
659 89983 90000 17
660 89987 90001 14
661 89985 90011 26
662 89986 90005 19
663 89982 89999 17
664 89985 90004 19
665 89985 90006 21
666 89972 89991 19
667 89990 90006 16
668 89990 90007 17
669 89986 90001 15
670 89983 89998 15
671 89987 89997 10
672 89987 90005 18
673 89981 89997 16
674 89981 89993 12
675 89993 90007 14
676 89982 89999 17
677 89987 90003 16
678 89981 89996 15
679 89983 90001 18
680 89986 90008 22
681 89985 90001 16
682 89985 90005 20
683 89984 89999 15
684 89982 90000 18
685 89984 89997 13
686 89986 90001 15
687 89992 90004 12
688 89991 90006 15
689 89987 90011 24
690 89986 90000 14
691 89983 90009 26
692 89979 89992 13
693 89985 90000 15
694 89978 89990 12
695 89987 90001 14
696 89990 90002 12
697 89987 90008 21
698 89987 90009 22
699 89990 90003 13
700 89984 90004 20
701 89985 90000 15
702 89991 90002 11
703 89981 89999 18
704 89987 90007 20
705 89979 89996 17
706 89989 89998 9
707 89989 90003 14
708 89987 89999 12
709 89986 90000 14
710 89991 90004 13
711 89985 89994 9
712 89993 90006 13
713 89994 90008 14
714 89991 90007 16
715 89978 89993 15
716 89988 89999 11
717 89987 90000 13
718 89987 89993 6
719 89993 90007 14
720 89985 89996 11
721 89986 89999 13
722 89989 90010 21
723 89991 90002 11
724 89983 90001 18
725 89987 90004 17
726 89989 90010 21
727 89982 89997 15
728 89990 89997 7
729 89986 90001 15
730 89984 90000 16
731 89986 89999 13
732 89982 89990 8
733 89984 89995 11
734 89989 90000 11
735 89990 90006 16
736 89993 90005 12
737 89990 90006 16
738 89992 90001 9
739 89985 89998 13
740 89987 89996 9
741 89989 90001 12
742 89989 90005 16
743 89989 90004 15
744 89986 89997 11
745 89992 89995 3
746 89994 90006 12
747 89985 90004 19
748 89984 89997 13
749 89994 90004 10
750 89986 90001 15
751 89986 90005 19
752 89995 90006 11
753 89984 90002 18
754 89992 89999 7
755 89990 89998 8
756 89985 89994 9
757 89989 90006 17
758 89991 90001 10
759 89992 90003 11
760 89992 90001 9
761 89989 90004 15
762 89981 89995 14
763 89989 90000 11
764 89993 90008 15
765 89992 90001 9
766 89979 89989 10
767 89989 90001 12
768 89994 90002 8
769 89988 90000 12
770 89992 89999 7
771 89993 90003 10
772 89996 90005 9
773 89989 90005 16
774 89989 89999 10
775 89986 89994 8
776 89987 90001 14
777 89986 89997 11
778 89990 90000 10
779 89994 90006 12
780 89984 90001 17
781 89991 90003 12
782 89992 90002 10
783 89989 89999 10
784 89987 90000 13
785 89991 90004 13
786 89991 90003 12
787 89991 90002 11
788 89984 89995 11
789 89988 89994 6
790 89991 89998 7
791 89993 90002 9
792 89983 90001 18
793 89993 89998 5
794 89996 90009 13
795 89993 90003 10
796 89987 90001 14
797 89990 90013 23
798 89993 90000 7
799 89990 89996 6
800 89988 90001 13
801 89989 89995 6
802 89995 90009 14
803 89992 90007 15
804 89988 89996 8
805 89988 89993 5
806 89992 90005 13
807 89994 90001 7
808 89990 89997 7
809 89993 90004 11
810 89989 90003 14
811 89991 90004 13
812 89990 89997 7
813 89988 90000 12
814 89989 89995 6
815 89994 90002 8
816 89992 89999 7
817 89992 90000 8
818 89991 90004 13
819 89992 90000 8
820 89992 90003 11
821 89991 90003 12
822 89995 90007 12
823 89988 89997 9
824 89990 89996 6
825 89991 89999 8
826 89987 90001 14
827 89995 90001 6
828 89993 89999 6
829 89987 89996 9
830 89997 90002 5
831 89988 89999 11
832 89991 89998 7
833 89995 90008 13
834 89994 89998 4
835 89988 89995 7
836 89987 89999 12
837 89993 90001 8
838 89994 90001 7
839 89996 90000 4
840 89991 90001 10
841 89993 90003 10
842 89992 89998 6
843 89997 90008 11
844 89990 89998 8
845 89993 89999 6
846 89994 90000 6
847 89995 90000 5
848 89994 90003 9
849 89989 89996 7
850 89992 90003 11
851 89998 90007 9
852 89995 90003 8
853 89994 90001 7
854 89991 90008 17
855 89993 90001 8
856 89990 89997 7
857 89991 89995 4
858 89990 90001 11
859 89987 89991 4
860 89996 90005 9
861 89995 90000 5
862 89992 89996 4
863 89994 90003 9
864 89990 89998 8
865 89995 90003 8
866 89993 89999 6
867 89995 90001 6
868 89994 90005 11
869 89994 90002 8
870 89994 90001 7
871 89993 90004 11
872 89993 90002 9
873 89988 90001 13
874 89993 89998 5
875 89994 90007 13
876 89988 89996 8
877 89995 90004 9
878 89996 90004 8
879 89996 90000 4
880 89995 90000 5
881 89991 89997 6
882 89992 89996 4
883 89996 90005 9
884 89994 90000 6
885 89993 89998 5
886 89993 89999 6
887 89995 90002 7
888 89997 90002 5
889 89995 90003 8
890 89995 90002 7
891 89993 89996 3
892 89993 90001 8
893 89995 90001 6
894 89997 90002 5
895 89992 90001 9
896 89995 90002 7
897 89991 89994 3
898 89993 90001 8
899 89995 89999 4
900 89994 90000 6
901 89999 90006 7
902 89994 90000 6
903 89995 90004 9
904 89994 89999 5
905 89995 90001 6
906 89993 90000 7
907 89994 89998 4
908 89993 90000 7
909 89993 90003 10
910 89993 90001 8
911 89995 90001 6
912 89996 90000 4
913 89990 89997 7
914 89992 89998 6
915 89996 90001 5
916 89990 89997 7
917 89996 90002 6
918 89996 90000 4
919 89995 89998 3
920 89997 90004 7
921 90000 90008 8
922 89990 89996 6
923 89994 90003 9
924 89991 90000 9
925 89995 90001 6
926 89995 90001 6
927 89995 89999 4
928 89991 89999 8
929 89999 90000 1
930 89997 90006 9
931 89994 89996 2
932 89995 90008 13
933 89996 90000 4
934 89995 90002 7
935 89995 89999 4
936 89996 90005 9
937 89993 89998 5
938 89991 89994 3
939 89993 89999 6
940 89991 89997 6
941 89996 89999 3
942 89996 90002 6
943 89996 90002 6
944 89998 90004 6
945 89996 89999 3
946 89994 89997 3
947 89998 90001 3
948 89997 90000 3
949 89992 90000 8
950 89995 89998 3
951 89999 90004 5
952 89992 89999 7
953 89994 89998 4
954 89994 90001 7
955 89996 90001 5
956 89996 90002 6
